1715195389168 6020.20751953125 0
1715195391974 1492.8828125 1
1715195394737 1462.416259765625 2
1715195397494 1326.428466796875 3
1715195400328 1337.2099609375 4
1715195403138 1265.6478271484375 5
1715195405927 1353.0211181640625 6
1715195408909 1268.309326171875 7
1715195411705 1220.872314453125 8
1715195414449 1216.38671875 9
1715195417471 1152.3182373046875 10
1715195420448 1251.60693359375 11
1715195424230 1259.3150634765625 12
1715195439823 1057.2384033203125 13
1715195447663 1024.4188232421875 14
1715195453228 964.0225830078125 15
1715195458394 995.3069458007812 16
1715195462603 982.49169921875 17
1715195466208 979.3838500976562 18
1715195469171 925.92041015625 19
